000000000000000
000001100100101
101101100100101
100100100100110
101001100100000
101001100100000
101001100100000
000000000000000
101011100100000
000000000000000
000000000000000
000000000000000
000100100100100
000000000000000
000000000000000
000000000000000
000000000000000
010000100101000
000000000000000
000000000000000
000000000000000
000000000000000
000000000000000
000100100100101
000000000000000
000000000000000
000000000000000
000000000100101
000000001100101
000000000000000
000000000000000
000000000000000
000000000000000
000000000000000
000000000000000
000000000010101
000000000000101
000000000000000
000000000000000
000000000000000
